4.142667055130004883e-01
6.637979149818420410e-01
5.541790723800659180e-01
3.463847041130065918e-01
4.462840259075164795e-01
3.462943136692047119e-01
2.303589880466461182e-01
2.012899518013000488e-01
7.832767069339752197e-02
2.969892323017120361e-01
3.301590383052825928e-01
4.851438403129577637e-01
3.642161786556243896e-01
5.967903137207031250e-01
2.544611394405364990e-01
2.866725027561187744e-01
3.474452793598175049e-01
3.052929639816284180e-01
2.093040645122528076e-01
2.035258561372756958e-01
3.450647592544555664e-01
4.293894171714782715e-01
4.599028229713439941e-01
3.803972601890563965e-01
3.558969497680664062e-01
3.959036767482757568e-01
7.238673567771911621e-01
4.963352680206298828e-01
4.202774465084075928e-01
4.454729259014129639e-01
4.567706882953643799e-01
4.747651219367980957e-01
5.087931156158447266e-01
5.412108302116394043e-01
4.851814508438110352e-01
4.457485675811767578e-01
4.624225199222564697e-01
5.244734883308410645e-01
4.468127489089965820e-01
6.320536732673645020e-01
5.658615827560424805e-01
7.251025438308715820e-01
6.950052976608276367e-01
5.362965464591979980e-01
6.596738100051879883e-01
6.994434595108032227e-01
6.054739952087402344e-01
5.129724740982055664e-01
5.414174795150756836e-01
7.053859829902648926e-01
